51.0
45.333333333333336
62.0
55.0
80.66666666666667
73.0
61.666666666666664
53.666666666666664
61.333333333333336
68.33333333333333
47.666666666666664
43.666666666666664
77.0
69.0
56.333333333333336
61.666666666666664
42.333333333333336
69.66666666666667
77.33333333333333
65.0
77.66666666666667
65.66666666666667
64.33333333333333
52.666666666666664
44.666666666666664
68.66666666666667
53.0
65.66666666666667
50.0
76.66666666666667
57.333333333333336
80.33333333333333
75.0
74.0
79.33333333333333
36.333333333333336
43.0
65.66666666666667
64.0
58.333333333333336
47.0
41.0
54.666666666666664
52.0
76.0
68.0
48.333333333333336
64.33333333333333
63.666666666666664
58.0
86.0
81.0
83.33333333333333
72.33333333333333
41.666666666666664
65.33333333333333
50.666666666666664
50.333333333333336
73.0
52.0
92.33333333333333
56.0
74.0
51.333333333333336
53.333333333333336
34.333333333333336
75.0
49.0
62.333333333333336
65.0
68.66666666666667
83.33333333333333
64.66666666666667
50.666666666666664
69.66666666666667
44.333333333333336
51.333333333333336
50.0
64.33333333333333
84.33333333333333
77.66666666666667
63.23456790123457 62.370370370370374 60.48148148148148